(kicad_pcb (version 20171130) (host pcbnew 5.0.2+dfsg1-1~bpo9+1)

  (general
    (thickness 1.6)
    (drawings 13)
    (tracks 494)
    (zones 0)
    (modules 25)
    (nets 88)
  )

  (page A4)
  (title_block
    (title "Cowbell ")
    (date 2019-03-01)
    (rev v0.3)
  )

  (layers
    (0 F.Cu signal)
    (31 B.Cu signal)
    (32 B.Adhes user)
    (33 F.Adhes user)
    (34 B.Paste user)
    (35 F.Paste user)
    (36 B.SilkS user)
    (37 F.SilkS user)
    (38 B.Mask user)
    (39 F.Mask user)
    (40 Dwgs.User user)
    (41 Cmts.User user)
    (42 Eco1.User user)
    (43 Eco2.User user)
    (44 Edge.Cuts user)
    (45 Margin user)
    (46 B.CrtYd user)
    (47 F.CrtYd user)
    (48 B.Fab user hide)
    (49 F.Fab user)
  )

  (setup
    (last_trace_width 0.1524)
    (user_trace_width 0.1524)
    (user_trace_width 0.254)
    (user_trace_width 0.508)
    (user_trace_width 0.75)
    (trace_clearance 0.1524)
    (zone_clearance 0.15)
    (zone_45_only no)
    (trace_min 0.1524)
    (segment_width 0.2)
    (edge_width 0.1)
    (via_size 0.6858)
    (via_drill 0.3302)
    (via_min_size 0.508)
    (via_min_drill 0.305)
    (uvia_size 0.6858)
    (uvia_drill 0.3302)
    (uvias_allowed no)
    (uvia_min_size 0.254)
    (uvia_min_drill 0.1)
    (pcb_text_width 0.3)
    (pcb_text_size 1.5 1.5)
    (mod_edge_width 0.15)
    (mod_text_size 1 1)
    (mod_text_width 0.15)
    (pad_size 1.7 1.7)
    (pad_drill 1)
    (pad_to_mask_clearance 0)
    (solder_mask_min_width 0.25)
    (aux_axis_origin 0 0)
    (grid_origin 115.2 77.8)
    (visible_elements 7FFFFFFF)
    (pcbplotparams
      (layerselection 0x010fc_ffffffff)
      (usegerberextensions true)
      (usegerberattributes false)
      (usegerberadvancedattributes false)
      (creategerberjobfile false)
      (excludeedgelayer true)
      (linewidth 0.150000)
      (plotframeref false)
      (viasonmask false)
      (mode 1)
      (useauxorigin false)
      (hpglpennumber 1)
      (hpglpenspeed 20)
      (hpglpendiameter 15.000000)
      (psnegative false)
      (psa4output false)
      (plotreference true)
      (plotvalue true)
      (plotinvisibletext false)
      (padsonsilk false)
      (subtractmaskfromsilk false)
      (outputformat 1)
      (mirror false)
      (drillshape 0)
      (scaleselection 1)
      (outputdirectory ""))
  )

  (net 0 "")
  (net 1 GND)
  (net 2 "Net-(U101-Pad14)")
  (net 3 "Net-(U101-Pad15)")
  (net 4 "Net-(U101-Pad16)")
  (net 5 "Net-(U101-Pad17)")
  (net 6 "Net-(U101-Pad7)")
  (net 7 "Net-(U101-Pad18)")
  (net 8 "Net-(U101-Pad6)")
  (net 9 "Net-(U101-Pad19)")
  (net 10 "Net-(U101-Pad5)")
  (net 11 Tx0)
  (net 12 Rx0)
  (net 13 +3V3)
  (net 14 "Net-(U101-Pad2)")
  (net 15 "Net-(U101-Pad1)")
  (net 16 SCL)
  (net 17 SDA)
  (net 18 "Net-(U103-Pad37)")
  (net 19 "Net-(U103-Pad36)")
  (net 20 "Net-(U103-Pad33)")
  (net 21 "Net-(U103-Pad32)")
  (net 22 "Net-(U103-Pad31)")
  (net 23 "Net-(U103-Pad30)")
  (net 24 "Net-(U103-Pad29)")
  (net 25 "Net-(U103-Pad26)")
  (net 26 "Net-(U103-Pad24)")
  (net 27 "Net-(U103-Pad23)")
  (net 28 "Net-(U103-Pad22)")
  (net 29 "Net-(U103-Pad21)")
  (net 30 "Net-(U103-Pad20)")
  (net 31 "Net-(U103-Pad19)")
  (net 32 "Net-(U103-Pad18)")
  (net 33 "Net-(U103-Pad17)")
  (net 34 "Net-(U103-Pad16)")
  (net 35 "Net-(U103-Pad14)")
  (net 36 "Net-(U103-Pad5)")
  (net 37 "Net-(U103-Pad4)")
  (net 38 Tx1)
  (net 39 Rx1)
  (net 40 "Net-(U104-Pad2)")
  (net 41 "Net-(U104-Pad3)")
  (net 42 "Net-(U104-Pad4)")
  (net 43 "Net-(U104-Pad5)")
  (net 44 "Net-(U104-Pad9)")
  (net 45 "Net-(U104-Pad10)")
  (net 46 "Net-(U104-Pad13)")
  (net 47 "Net-(U104-Pad14)")
  (net 48 "Net-(U104-Pad15)")
  (net 49 "Net-(U104-Pad16)")
  (net 50 "Net-(U104-Pad17)")
  (net 51 "Net-(U104-Pad18)")
  (net 52 "Net-(U104-Pad19)")
  (net 53 "Net-(U104-Pad29)")
  (net 54 "Net-(U104-Pad35)")
  (net 55 "Net-(U104-Pad36)")
  (net 56 "Net-(U104-Pad37)")
  (net 57 "Net-(U104-Pad38)")
  (net 58 "Net-(U104-Pad39)")
  (net 59 "Net-(U104-Pad40)")
  (net 60 "Net-(U104-Pad42)")
  (net 61 "Net-(U104-Pad43)")
  (net 62 "Net-(U104-Pad44)")
  (net 63 "Net-(U104-Pad45)")
  (net 64 "Net-(U104-Pad46)")
  (net 65 "Net-(R1-Pad1)")
  (net 66 "Net-(J1-Pad1)")
  (net 67 "Net-(R1-Pad2)")
  (net 68 "Net-(C201-Pad1)")
  (net 69 Int_MAG)
  (net 70 DRDY_MAG)
  (net 71 Extint)
  (net 72 Timepulse)
  (net 73 Int_XL)
  (net 74 "Net-(J104-Pad2)")
  (net 75 "Net-(J104-Pad1)")
  (net 76 "Net-(J105-Pad1)")
  (net 77 "Net-(U104-Pad30)")
  (net 78 "Net-(U104-Pad31)")
  (net 79 "Net-(U104-Pad25)")
  (net 80 "Net-(C202-Pad1)")
  (net 81 /VCC102)
  (net 82 /VCC101)
  (net 83 /VCC103)
  (net 84 /VccGPS_backup)
  (net 85 "Net-(R307-Pad2)")
  (net 86 "Net-(J401-Pad1)")
  (net 87 "Net-(R401-Pad2)")

  (net_class Default "This is the default net class."
    (clearance 0.1524)
    (trace_width 0.1524)
    (via_dia 0.6858)
    (via_drill 0.3302)
    (uvia_dia 0.6858)
    (uvia_drill 0.3302)
    (diff_pair_gap 0.1524)
    (diff_pair_width 0.1524)
    (add_net +3V3)
    (add_net /VCC101)
    (add_net /VCC102)
    (add_net /VCC103)
    (add_net /VccGPS_backup)
    (add_net DRDY_MAG)
    (add_net Extint)
    (add_net GND)
    (add_net Int_MAG)
    (add_net Int_XL)
    (add_net "Net-(C201-Pad1)")
    (add_net "Net-(C202-Pad1)")
    (add_net "Net-(J1-Pad1)")
    (add_net "Net-(J104-Pad1)")
    (add_net "Net-(J104-Pad2)")
    (add_net "Net-(J105-Pad1)")
    (add_net "Net-(J401-Pad1)")
    (add_net "Net-(R1-Pad1)")
    (add_net "Net-(R1-Pad2)")
    (add_net "Net-(R307-Pad2)")
    (add_net "Net-(R401-Pad2)")
    (add_net "Net-(U101-Pad1)")
    (add_net "Net-(U101-Pad14)")
    (add_net "Net-(U101-Pad15)")
    (add_net "Net-(U101-Pad16)")
    (add_net "Net-(U101-Pad17)")
    (add_net "Net-(U101-Pad18)")
    (add_net "Net-(U101-Pad19)")
    (add_net "Net-(U101-Pad2)")
    (add_net "Net-(U101-Pad5)")
    (add_net "Net-(U101-Pad6)")
    (add_net "Net-(U101-Pad7)")
    (add_net "Net-(U103-Pad14)")
    (add_net "Net-(U103-Pad16)")
    (add_net "Net-(U103-Pad17)")
    (add_net "Net-(U103-Pad18)")
    (add_net "Net-(U103-Pad19)")
    (add_net "Net-(U103-Pad20)")
    (add_net "Net-(U103-Pad21)")
    (add_net "Net-(U103-Pad22)")
    (add_net "Net-(U103-Pad23)")
    (add_net "Net-(U103-Pad24)")
    (add_net "Net-(U103-Pad26)")
    (add_net "Net-(U103-Pad29)")
    (add_net "Net-(U103-Pad30)")
    (add_net "Net-(U103-Pad31)")
    (add_net "Net-(U103-Pad32)")
    (add_net "Net-(U103-Pad33)")
    (add_net "Net-(U103-Pad36)")
    (add_net "Net-(U103-Pad37)")
    (add_net "Net-(U103-Pad4)")
    (add_net "Net-(U103-Pad5)")
    (add_net "Net-(U104-Pad10)")
    (add_net "Net-(U104-Pad13)")
    (add_net "Net-(U104-Pad14)")
    (add_net "Net-(U104-Pad15)")
    (add_net "Net-(U104-Pad16)")
    (add_net "Net-(U104-Pad17)")
    (add_net "Net-(U104-Pad18)")
    (add_net "Net-(U104-Pad19)")
    (add_net "Net-(U104-Pad2)")
    (add_net "Net-(U104-Pad25)")
    (add_net "Net-(U104-Pad29)")
    (add_net "Net-(U104-Pad3)")
    (add_net "Net-(U104-Pad30)")
    (add_net "Net-(U104-Pad31)")
    (add_net "Net-(U104-Pad35)")
    (add_net "Net-(U104-Pad36)")
    (add_net "Net-(U104-Pad37)")
    (add_net "Net-(U104-Pad38)")
    (add_net "Net-(U104-Pad39)")
    (add_net "Net-(U104-Pad4)")
    (add_net "Net-(U104-Pad40)")
    (add_net "Net-(U104-Pad42)")
    (add_net "Net-(U104-Pad43)")
    (add_net "Net-(U104-Pad44)")
    (add_net "Net-(U104-Pad45)")
    (add_net "Net-(U104-Pad46)")
    (add_net "Net-(U104-Pad5)")
    (add_net "Net-(U104-Pad9)")
    (add_net Rx0)
    (add_net Rx1)
    (add_net SCL)
    (add_net SDA)
    (add_net Timepulse)
    (add_net Tx0)
    (add_net Tx1)
  )

  (module Resistor_SMD:R_0603_1608Metric (layer B.Cu) (tedit 5B301BBD) (tstamp 5CC6BEFA)
    (at 122.95 68 90)
    (descr "Resistor SMD 0603 (1608 Metric), square (rectangular) end terminal, IPC_7351 nominal, (Body size source: http://www.tortai-tech.com/upload/download/2011102023233369053.pdf), generated with kicad-footprint-generator")
    (tags resistor)
    (path /5C91CC10)
    (attr smd)
    (fp_text reference R103 (at 0 1.43 90) (layer B.SilkS)
      (effects (font (size 1 1) (thickness 0.15)) (justify mirror))
    )
    (fp_text value shunt (at 0 -1.43 90) (layer B.Fab)
      (effects (font (size 1 1) (thickness 0.15)) (justify mirror))
    )
    (fp_line (start -0.8 -0.4) (end -0.8 0.4) (layer B.Fab) (width 0.1))
    (fp_line (start -0.8 0.4) (end 0.8 0.4) (layer B.Fab) (width 0.1))
    (fp_line (start 0.8 0.4) (end 0.8 -0.4) (layer B.Fab) (width 0.1))
    (fp_line (start 0.8 -0.4) (end -0.8 -0.4) (layer B.Fab) (width 0.1))
    (fp_line (start -0.162779 0.51) (end 0.162779 0.51) (layer B.SilkS) (width 0.12))
    (fp_line (start -0.162779 -0.51) (end 0.162779 -0.51) (layer B.SilkS) (width 0.12))
    (fp_line (start -1.48 -0.73) (end -1.48 0.73) (layer B.CrtYd) (width 0.05))
    (fp_line (start -1.48 0.73) (end 1.48 0.73) (layer B.CrtYd) (width 0.05))
    (fp_line (start 1.48 0.73) (end 1.48 -0.73) (layer B.CrtYd) (width 0.05))
    (fp_line (start 1.48 -0.73) (end -1.48 -0.73) (layer B.CrtYd) (width 0.05))
    (fp_text user %R (at 0 0 90) (layer B.Fab)
      (effects (font (size 0.4 0.4) (thickness 0.06)) (justify mirror))
    )
    (pad 1 smd roundrect (at -0.7875 0 90) (size 0.875 0.95) (layers B.Cu B.Paste B.Mask) (roundrect_rratio 0.25)
      (net 13 +3V3))
    (pad 2 smd roundrect (at 0.7875 0 90) (size 0.875 0.95) (layers B.Cu B.Paste B.Mask) (roundrect_rratio 0.25)
      (net 82 /VCC101))
    (model ${KISYS3DMOD}/Resistor_SMD.3dshapes/R_0603_1608Metric.wrl
      (at (xyz 0 0 0))
      (scale (xyz 1 1 1))
      (rotate (xyz 0 0 0))
    )
  )

  (module Resistor_SMD:R_0603_1608Metric (layer F.Cu) (tedit 5B301BBD) (tstamp 5CC6BEEA)
    (at 120.694 72.588 270)
    (descr "Resistor SMD 0603 (1608 Metric), square (rectangular) end terminal, IPC_7351 nominal, (Body size source: http://www.tortai-tech.com/upload/download/2011102023233369053.pdf), generated with kicad-footprint-generator")
    (tags resistor)
    (path /5C83B915)
    (attr smd)
    (fp_text reference R201 (at 0 -1.43 270) (layer F.SilkS)
      (effects (font (size 1 1) (thickness 0.15)))
    )
    (fp_text value 2k2 (at 0 1.43 270) (layer F.Fab)
      (effects (font (size 1 1) (thickness 0.15)))
    )
    (fp_text user %R (at 0 0 270) (layer F.Fab)
      (effects (font (size 0.4 0.4) (thickness 0.06)))
    )
    (fp_line (start 1.48 0.73) (end -1.48 0.73) (layer F.CrtYd) (width 0.05))
    (fp_line (start 1.48 -0.73) (end 1.48 0.73) (layer F.CrtYd) (width 0.05))
    (fp_line (start -1.48 -0.73) (end 1.48 -0.73) (layer F.CrtYd) (width 0.05))
    (fp_line (start -1.48 0.73) (end -1.48 -0.73) (layer F.CrtYd) (width 0.05))
    (fp_line (start -0.162779 0.51) (end 0.162779 0.51) (layer F.SilkS) (width 0.12))
    (fp_line (start -0.162779 -0.51) (end 0.162779 -0.51) (layer F.SilkS) (width 0.12))
    (fp_line (start 0.8 0.4) (end -0.8 0.4) (layer F.Fab) (width 0.1))
    (fp_line (start 0.8 -0.4) (end 0.8 0.4) (layer F.Fab) (width 0.1))
    (fp_line (start -0.8 -0.4) (end 0.8 -0.4) (layer F.Fab) (width 0.1))
    (fp_line (start -0.8 0.4) (end -0.8 -0.4) (layer F.Fab) (width 0.1))
    (pad 2 smd roundrect (at 0.7875 0 270) (size 0.875 0.95) (layers F.Cu F.Paste F.Mask) (roundrect_rratio 0.25)
      (net 80 "Net-(C202-Pad1)"))
    (pad 1 smd roundrect (at -0.7875 0 270) (size 0.875 0.95) (layers F.Cu F.Paste F.Mask) (roundrect_rratio 0.25)
      (net 16 SCL))
    (model ${KISYS3DMOD}/Resistor_SMD.3dshapes/R_0603_1608Metric.wrl
      (at (xyz 0 0 0))
      (scale (xyz 1 1 1))
      (rotate (xyz 0 0 0))
    )
  )

  (module Resistor_SMD:R_0603_1608Metric (layer F.Cu) (tedit 5B301BBD) (tstamp 5CC6BEDA)
    (at 120.694 75.128 270)
    (descr "Resistor SMD 0603 (1608 Metric), square (rectangular) end terminal, IPC_7351 nominal, (Body size source: http://www.tortai-tech.com/upload/download/2011102023233369053.pdf), generated with kicad-footprint-generator")
    (tags resistor)
    (path /5C83BBD1)
    (attr smd)
    (fp_text reference R202 (at 0 -1.43 270) (layer F.SilkS)
      (effects (font (size 1 1) (thickness 0.15)))
    )
    (fp_text value 2k2 (at 0 1.43 270) (layer F.Fab)
      (effects (font (size 1 1) (thickness 0.15)))
    )
    (fp_line (start -0.8 0.4) (end -0.8 -0.4) (layer F.Fab) (width 0.1))
    (fp_line (start -0.8 -0.4) (end 0.8 -0.4) (layer F.Fab) (width 0.1))
    (fp_line (start 0.8 -0.4) (end 0.8 0.4) (layer F.Fab) (width 0.1))
    (fp_line (start 0.8 0.4) (end -0.8 0.4) (layer F.Fab) (width 0.1))
    (fp_line (start -0.162779 -0.51) (end 0.162779 -0.51) (layer F.SilkS) (width 0.12))
    (fp_line (start -0.162779 0.51) (end 0.162779 0.51) (layer F.SilkS) (width 0.12))
    (fp_line (start -1.48 0.73) (end -1.48 -0.73) (layer F.CrtYd) (width 0.05))
    (fp_line (start -1.48 -0.73) (end 1.48 -0.73) (layer F.CrtYd) (width 0.05))
    (fp_line (start 1.48 -0.73) (end 1.48 0.73) (layer F.CrtYd) (width 0.05))
    (fp_line (start 1.48 0.73) (end -1.48 0.73) (layer F.CrtYd) (width 0.05))
    (fp_text user %R (at 0 0 270) (layer F.Fab)
      (effects (font (size 0.4 0.4) (thickness 0.06)))
    )
    (pad 1 smd roundrect (at -0.7875 0 270) (size 0.875 0.95) (layers F.Cu F.Paste F.Mask) (roundrect_rratio 0.25)
      (net 80 "Net-(C202-Pad1)"))
    (pad 2 smd roundrect (at 0.7875 0 270) (size 0.875 0.95) (layers F.Cu F.Paste F.Mask) (roundrect_rratio 0.25)
      (net 17 SDA))
    (model ${KISYS3DMOD}/Resistor_SMD.3dshapes/R_0603_1608Metric.wrl
      (at (xyz 0 0 0))
      (scale (xyz 1 1 1))
      (rotate (xyz 0 0 0))
    )
  )

  (module Resistor_SMD:R_0603_1608Metric (layer B.Cu) (tedit 5B301BBD) (tstamp 5CC6BED9)
    (at 122.058 70.434)
    (descr "Resistor SMD 0603 (1608 Metric), square (rectangular) end terminal, IPC_7351 nominal, (Body size source: http://www.tortai-tech.com/upload/download/2011102023233369053.pdf), generated with kicad-footprint-generator")
    (tags resistor)
    (path /5C962B47)
    (attr smd)
    (fp_text reference R205 (at 0 1.43) (layer B.SilkS)
      (effects (font (size 1 1) (thickness 0.15)) (justify mirror))
    )
    (fp_text value shunt (at 0 -1.43) (layer B.Fab)
      (effects (font (size 1 1) (thickness 0.15)) (justify mirror))
    )
    (fp_text user %R (at 3.048 0) (layer B.Fab)
      (effects (font (size 0.4 0.4) (thickness 0.06)) (justify mirror))
    )
    (fp_line (start 1.48 -0.73) (end -1.48 -0.73) (layer B.CrtYd) (width 0.05))
    (fp_line (start 1.48 0.73) (end 1.48 -0.73) (layer B.CrtYd) (width 0.05))
    (fp_line (start -1.48 0.73) (end 1.48 0.73) (layer B.CrtYd) (width 0.05))
    (fp_line (start -1.48 -0.73) (end -1.48 0.73) (layer B.CrtYd) (width 0.05))
    (fp_line (start -0.162779 -0.51) (end 0.162779 -0.51) (layer B.SilkS) (width 0.12))
    (fp_line (start -0.162779 0.51) (end 0.162779 0.51) (layer B.SilkS) (width 0.12))
    (fp_line (start 0.8 -0.4) (end -0.8 -0.4) (layer B.Fab) (width 0.1))
    (fp_line (start 0.8 0.4) (end 0.8 -0.4) (layer B.Fab) (width 0.1))
    (fp_line (start -0.8 0.4) (end 0.8 0.4) (layer B.Fab) (width 0.1))
    (fp_line (start -0.8 -0.4) (end -0.8 0.4) (layer B.Fab) (width 0.1))
    (pad 2 smd roundrect (at 0.7875 0) (size 0.875 0.95) (layers B.Cu B.Paste B.Mask) (roundrect_rratio 0.25)
      (net 80 "Net-(C202-Pad1)"))
    (pad 1 smd roundrect (at -0.7875 0) (size 0.875 0.95) (layers B.Cu B.Paste B.Mask) (roundrect_rratio 0.25)
      (net 13 +3V3))
    (model ${KISYS3DMOD}/Resistor_SMD.3dshapes/R_0603_1608Metric.wrl
      (at (xyz 0 0 0))
      (scale (xyz 1 1 1))
      (rotate (xyz 0 0 0))
    )
  )

  (module Resistor_SMD:R_0603_1608Metric (layer B.Cu) (tedit 5B301BBD) (tstamp 5CC6BEC8)
    (at 124.7 67.9625 90)
    (descr "Resistor SMD 0603 (1608 Metric), square (rectangular) end terminal, IPC_7351 nominal, (Body size source: http://www.tortai-tech.com/upload/download/2011102023233369053.pdf), generated with kicad-footprint-generator")
    (tags resistor)
    (path /5C9406E8)
    (attr smd)
    (fp_text reference R301 (at 0 1.43 90) (layer B.SilkS)
      (effects (font (size 1 1) (thickness 0.15)) (justify mirror))
    )
    (fp_text value shunt (at 0 -1.43 90) (layer B.Fab)
      (effects (font (size 1 1) (thickness 0.15)) (justify mirror))
    )
    (fp_line (start -0.8 -0.4) (end -0.8 0.4) (layer B.Fab) (width 0.1))
    (fp_line (start -0.8 0.4) (end 0.8 0.4) (layer B.Fab) (width 0.1))
    (fp_line (start 0.8 0.4) (end 0.8 -0.4) (layer B.Fab) (width 0.1))
    (fp_line (start 0.8 -0.4) (end -0.8 -0.4) (layer B.Fab) (width 0.1))
    (fp_line (start -0.162779 0.51) (end 0.162779 0.51) (layer B.SilkS) (width 0.12))
    (fp_line (start -0.162779 -0.51) (end 0.162779 -0.51) (layer B.SilkS) (width 0.12))
    (fp_line (start -1.48 -0.73) (end -1.48 0.73) (layer B.CrtYd) (width 0.05))
    (fp_line (start -1.48 0.73) (end 1.48 0.73) (layer B.CrtYd) (width 0.05))
    (fp_line (start 1.48 0.73) (end 1.48 -0.73) (layer B.CrtYd) (width 0.05))
    (fp_line (start 1.48 -0.73) (end -1.48 -0.73) (layer B.CrtYd) (width 0.05))
    (fp_text user %R (at 0 0 90) (layer B.Fab)
      (effects (font (size 0.4 0.4) (thickness 0.06)) (justify mirror))
    )
    (pad 1 smd roundrect (at -0.7875 0 90) (size 0.875 0.95) (layers B.Cu B.Paste B.Mask) (roundrect_rratio 0.25)
      (net 13 +3V3))
    (pad 2 smd roundrect (at 0.7875 0 90) (size 0.875 0.95) (layers B.Cu B.Paste B.Mask) (roundrect_rratio 0.25)
      (net 83 /VCC103))
    (model ${KISYS3DMOD}/Resistor_SMD.3dshapes/R_0603_1608Metric.wrl
      (at (xyz 0 0 0))
      (scale (xyz 1 1 1))
      (rotate (xyz 0 0 0))
    )
  )

  (module Resistor_SMD:R_0603_1608Metric (layer B.Cu) (tedit 5B301BBD) (tstamp 5CC6BEB7)
    (at 137.933 44.907 90)
    (descr "Resistor SMD 0603 (1608 Metric), square (rectangular) end terminal, IPC_7351 nominal, (Body size source: http://www.tortai-tech.com/upload/download/2011102023233369053.pdf), generated with kicad-footprint-generator")
    (tags resistor)
    (path /5C8B65CB)
    (attr smd)
    (fp_text reference R401 (at 0 1.43 90) (layer B.SilkS)
      (effects (font (size 1 1) (thickness 0.15)) (justify mirror))
    )
    (fp_text value 10k (at 0 -1.43 90) (layer B.Fab)
      (effects (font (size 1 1) (thickness 0.15)) (justify mirror))
    )
    (fp_text user %R (at -0.616001 -1.050999 90) (layer B.Fab)
      (effects (font (size 0.4 0.4) (thickness 0.06)) (justify mirror))
    )
    (fp_line (start 1.48 -0.73) (end -1.48 -0.73) (layer B.CrtYd) (width 0.05))
    (fp_line (start 1.48 0.73) (end 1.48 -0.73) (layer B.CrtYd) (width 0.05))
    (fp_line (start -1.48 0.73) (end 1.48 0.73) (layer B.CrtYd) (width 0.05))
    (fp_line (start -1.48 -0.73) (end -1.48 0.73) (layer B.CrtYd) (width 0.05))
    (fp_line (start -0.162779 -0.51) (end 0.162779 -0.51) (layer B.SilkS) (width 0.12))
    (fp_line (start -0.162779 0.51) (end 0.162779 0.51) (layer B.SilkS) (width 0.12))
    (fp_line (start 0.8 -0.4) (end -0.8 -0.4) (layer B.Fab) (width 0.1))
    (fp_line (start 0.8 0.4) (end 0.8 -0.4) (layer B.Fab) (width 0.1))
    (fp_line (start -0.8 0.4) (end 0.8 0.4) (layer B.Fab) (width 0.1))
    (fp_line (start -0.8 -0.4) (end -0.8 0.4) (layer B.Fab) (width 0.1))
    (pad 2 smd roundrect (at 0.7875 0 90) (size 0.875 0.95) (layers B.Cu B.Paste B.Mask) (roundrect_rratio 0.25)
      (net 87 "Net-(R401-Pad2)"))
    (pad 1 smd roundrect (at -0.7875 0 90) (size 0.875 0.95) (layers B.Cu B.Paste B.Mask) (roundrect_rratio 0.25)
      (net 81 /VCC102))
    (model ${KISYS3DMOD}/Resistor_SMD.3dshapes/R_0603_1608Metric.wrl
      (at (xyz 0 0 0))
      (scale (xyz 1 1 1))
      (rotate (xyz 0 0 0))
    )
  )

  (module Resistor_SMD:R_0603_1608Metric (layer B.Cu) (tedit 5B301BBD) (tstamp 5CC6BEA6)
    (at 121.423 67.894 90)
    (descr "Resistor SMD 0603 (1608 Metric), square (rectangular) end terminal, IPC_7351 nominal, (Body size source: http://www.tortai-tech.com/upload/download/2011102023233369053.pdf), generated with kicad-footprint-generator")
    (tags resistor)
    (path /5C91DC45)
    (attr smd)
    (fp_text reference R406 (at 0 1.43 90) (layer B.SilkS)
      (effects (font (size 1 1) (thickness 0.15)) (justify mirror))
    )
    (fp_text value shunt (at 0 -1.43 90) (layer B.Fab)
      (effects (font (size 1 1) (thickness 0.15)) (justify mirror))
    )
    (fp_line (start -0.8 -0.4) (end -0.8 0.4) (layer B.Fab) (width 0.1))
    (fp_line (start -0.8 0.4) (end 0.8 0.4) (layer B.Fab) (width 0.1))
    (fp_line (start 0.8 0.4) (end 0.8 -0.4) (layer B.Fab) (width 0.1))
    (fp_line (start 0.8 -0.4) (end -0.8 -0.4) (layer B.Fab) (width 0.1))
    (fp_line (start -0.162779 0.51) (end 0.162779 0.51) (layer B.SilkS) (width 0.12))
    (fp_line (start -0.162779 -0.51) (end 0.162779 -0.51) (layer B.SilkS) (width 0.12))
    (fp_line (start -1.48 -0.73) (end -1.48 0.73) (layer B.CrtYd) (width 0.05))
    (fp_line (start -1.48 0.73) (end 1.48 0.73) (layer B.CrtYd) (width 0.05))
    (fp_line (start 1.48 0.73) (end 1.48 -0.73) (layer B.CrtYd) (width 0.05))
    (fp_line (start 1.48 -0.73) (end -1.48 -0.73) (layer B.CrtYd) (width 0.05))
    (fp_text user %R (at 0 0 90) (layer B.Fab)
      (effects (font (size 0.4 0.4) (thickness 0.06)) (justify mirror))
    )
    (pad 1 smd roundrect (at -0.7875 0 90) (size 0.875 0.95) (layers B.Cu B.Paste B.Mask) (roundrect_rratio 0.25)
      (net 13 +3V3))
    (pad 2 smd roundrect (at 0.7875 0 90) (size 0.875 0.95) (layers B.Cu B.Paste B.Mask) (roundrect_rratio 0.25)
      (net 81 /VCC102))
    (model ${KISYS3DMOD}/Resistor_SMD.3dshapes/R_0603_1608Metric.wrl
      (at (xyz 0 0 0))
      (scale (xyz 1 1 1))
      (rotate (xyz 0 0 0))
    )
  )

  (module Resistor_SMD:R_0603_1608Metric (layer B.Cu) (tedit 5B301BBD) (tstamp 5CC6BE95)
    (at 126.376 68.021 90)
    (descr "Resistor SMD 0603 (1608 Metric), square (rectangular) end terminal, IPC_7351 nominal, (Body size source: http://www.tortai-tech.com/upload/download/2011102023233369053.pdf), generated with kicad-footprint-generator")
    (tags resistor)
    (path /5C906889)
    (attr smd)
    (fp_text reference R302 (at 0 1.43 90) (layer B.SilkS)
      (effects (font (size 1 1) (thickness 0.15)) (justify mirror))
    )
    (fp_text value 2k2 (at 0 -1.43 90) (layer B.Fab)
      (effects (font (size 1 1) (thickness 0.15)) (justify mirror))
    )
    (fp_text user %R (at 0 0 90) (layer B.Fab)
      (effects (font (size 0.4 0.4) (thickness 0.06)) (justify mirror))
    )
    (fp_line (start 1.48 -0.73) (end -1.48 -0.73) (layer B.CrtYd) (width 0.05))
    (fp_line (start 1.48 0.73) (end 1.48 -0.73) (layer B.CrtYd) (width 0.05))
    (fp_line (start -1.48 0.73) (end 1.48 0.73) (layer B.CrtYd) (width 0.05))
    (fp_line (start -1.48 -0.73) (end -1.48 0.73) (layer B.CrtYd) (width 0.05))
    (fp_line (start -0.162779 -0.51) (end 0.162779 -0.51) (layer B.SilkS) (width 0.12))
    (fp_line (start -0.162779 0.51) (end 0.162779 0.51) (layer B.SilkS) (width 0.12))
    (fp_line (start 0.8 -0.4) (end -0.8 -0.4) (layer B.Fab) (width 0.1))
    (fp_line (start 0.8 0.4) (end 0.8 -0.4) (layer B.Fab) (width 0.1))
    (fp_line (start -0.8 0.4) (end 0.8 0.4) (layer B.Fab) (width 0.1))
    (fp_line (start -0.8 -0.4) (end -0.8 0.4) (layer B.Fab) (width 0.1))
    (pad 2 smd roundrect (at 0.7875 0 90) (size 0.875 0.95) (layers B.Cu B.Paste B.Mask) (roundrect_rratio 0.25)
      (net 76 "Net-(J105-Pad1)"))
    (pad 1 smd roundrect (at -0.7875 0 90) (size 0.875 0.95) (layers B.Cu B.Paste B.Mask) (roundrect_rratio 0.25)
      (net 83 /VCC103))
    (model ${KISYS3DMOD}/Resistor_SMD.3dshapes/R_0603_1608Metric.wrl
      (at (xyz 0 0 0))
      (scale (xyz 1 1 1))
      (rotate (xyz 0 0 0))
    )
  )

  (module Resistor_SMD:R_0603_1608Metric (layer B.Cu) (tedit 5B301BBD) (tstamp 5CC6BE84)
    (at 118.502 35.509 180)
    (descr "Resistor SMD 0603 (1608 Metric), square (rectangular) end terminal, IPC_7351 nominal, (Body size source: http://www.tortai-tech.com/upload/download/2011102023233369053.pdf), generated with kicad-footprint-generator")
    (tags resistor)
    (path /5C9B7F04)
    (attr smd)
    (fp_text reference R307 (at 0 1.43 180) (layer B.SilkS)
      (effects (font (size 1 1) (thickness 0.15)) (justify mirror))
    )
    (fp_text value 2k2 (at 0 -1.43 180) (layer B.Fab)
      (effects (font (size 1 1) (thickness 0.15)) (justify mirror))
    )
    (fp_line (start -0.8 -0.4) (end -0.8 0.4) (layer B.Fab) (width 0.1))
    (fp_line (start -0.8 0.4) (end 0.8 0.4) (layer B.Fab) (width 0.1))
    (fp_line (start 0.8 0.4) (end 0.8 -0.4) (layer B.Fab) (width 0.1))
    (fp_line (start 0.8 -0.4) (end -0.8 -0.4) (layer B.Fab) (width 0.1))
    (fp_line (start -0.162779 0.51) (end 0.162779 0.51) (layer B.SilkS) (width 0.12))
    (fp_line (start -0.162779 -0.51) (end 0.162779 -0.51) (layer B.SilkS) (width 0.12))
    (fp_line (start -1.48 -0.73) (end -1.48 0.73) (layer B.CrtYd) (width 0.05))
    (fp_line (start -1.48 0.73) (end 1.48 0.73) (layer B.CrtYd) (width 0.05))
    (fp_line (start 1.48 0.73) (end 1.48 -0.73) (layer B.CrtYd) (width 0.05))
    (fp_line (start 1.48 -0.73) (end -1.48 -0.73) (layer B.CrtYd) (width 0.05))
    (fp_text user %R (at 0 0 180) (layer B.Fab)
      (effects (font (size 0.4 0.4) (thickness 0.06)) (justify mirror))
    )
    (pad 1 smd roundrect (at -0.7875 0 180) (size 0.875 0.95) (layers B.Cu B.Paste B.Mask) (roundrect_rratio 0.25)
      (net 83 /VCC103))
    (pad 2 smd roundrect (at 0.7875 0 180) (size 0.875 0.95) (layers B.Cu B.Paste B.Mask) (roundrect_rratio 0.25)
      (net 85 "Net-(R307-Pad2)"))
    (model ${KISYS3DMOD}/Resistor_SMD.3dshapes/R_0603_1608Metric.wrl
      (at (xyz 0 0 0))
      (scale (xyz 1 1 1))
      (rotate (xyz 0 0 0))
    )
  )

  (module Resistor_SMD:R_0603_1608Metric_Pad1.05x0.95mm_HandSolder (layer F.Cu) (tedit 5B301BBD) (tstamp 5CC6BE64)
    (at 129.706 71.887 270)
    (descr "Resistor SMD 0603 (1608 Metric), square (rectangular) end terminal, IPC_7351 nominal with elongated pad for handsoldering. (Body size source: http://www.tortai-tech.com/upload/download/2011102023233369053.pdf), generated with kicad-footprint-generator")
    (tags "resistor handsolder")
    (path /5C7E1150)
    (attr smd)
    (fp_text reference R1 (at 0 -1.43 270) (layer F.SilkS)
      (effects (font (size 1 1) (thickness 0.15)))
    )
    (fp_text value DNC (at 0 1.43 270) (layer F.Fab)
      (effects (font (size 1 1) (thickness 0.15)))
    )
    (fp_line (start -0.8 0.4) (end -0.8 -0.4) (layer F.Fab) (width 0.1))
    (fp_line (start -0.8 -0.4) (end 0.8 -0.4) (layer F.Fab) (width 0.1))
    (fp_line (start 0.8 -0.4) (end 0.8 0.4) (layer F.Fab) (width 0.1))
    (fp_line (start 0.8 0.4) (end -0.8 0.4) (layer F.Fab) (width 0.1))
    (fp_line (start -0.171267 -0.51) (end 0.171267 -0.51) (layer F.SilkS) (width 0.12))
    (fp_line (start -0.171267 0.51) (end 0.171267 0.51) (layer F.SilkS) (width 0.12))
    (fp_line (start -1.65 0.73) (end -1.65 -0.73) (layer F.CrtYd) (width 0.05))
    (fp_line (start -1.65 -0.73) (end 1.65 -0.73) (layer F.CrtYd) (width 0.05))
    (fp_line (start 1.65 -0.73) (end 1.65 0.73) (layer F.CrtYd) (width 0.05))
    (fp_line (start 1.65 0.73) (end -1.65 0.73) (layer F.CrtYd) (width 0.05))
    (fp_text user %R (at 0 0 270) (layer F.Fab)
      (effects (font (size 0.4 0.4) (thickness 0.06)))
    )
    (pad 1 smd roundrect (at -0.875 0 270) (size 1.05 0.95) (layers F.Cu F.Paste F.Mask) (roundrect_rratio 0.25)
      (net 65 "Net-(R1-Pad1)"))
    (pad 2 smd roundrect (at 0.875 0 270) (size 1.05 0.95) (layers F.Cu F.Paste F.Mask) (roundrect_rratio 0.25)
      (net 67 "Net-(R1-Pad2)"))
    (model ${KISYS3DMOD}/Resistor_SMD.3dshapes/R_0603_1608Metric.wrl
      (at (xyz 0 0 0))
      (scale (xyz 1 1 1))
      (rotate (xyz 0 0 0))
    )
  )

  (module Emborg:SMA_EdgeMount (layer B.Cu) (tedit 5CADA38C) (tstamp 5CBA86CE)
    (at 125.868 27.889 270)
    (descr http://www.amphenolrf.com/132289.html)
    (tags SMA)
    (path /5C7C7533)
    (attr smd)
    (fp_text reference J401 (at -5.08 0 180) (layer B.SilkS)
      (effects (font (size 1 1) (thickness 0.15)) (justify mirror))
    )
    (fp_text value Conn_Coaxial (at 7.62 -2.54 270) (layer B.Fab)
      (effects (font (size 0.8 0.8) (thickness 0.125)) (justify mirror))
    )
    (fp_line (start -3.71 -0.25) (end -3.21 0) (layer B.SilkS) (width 0.12))
    (fp_line (start -3.71 0.25) (end -3.71 -0.25) (layer B.SilkS) (width 0.12))
    (fp_line (start -3.21 0) (end -3.71 0.25) (layer B.SilkS) (width 0.12))
    (fp_line (start 3.54 0) (end 2.54 -0.75) (layer B.Fab) (width 0.1))
    (fp_line (start 2.54 0.75) (end 3.54 0) (layer B.Fab) (width 0.1))
    (fp_text user %R (at -3.81 1.27 180) (layer B.Fab)
      (effects (font (size 0.5 0.5) (thickness 0.05)) (justify mirror))
    )
    (fp_line (start 14.47 3.7) (end -3.04 3.7) (layer B.CrtYd) (width 0.05))
    (fp_line (start 14.47 3.7) (end 14.47 -3.7) (layer B.CrtYd) (width 0.05))
    (fp_line (start 14.47 -3.7) (end -3.04 -3.7) (layer B.CrtYd) (width 0.05))
    (fp_line (start -3.04 -3.7) (end -3.04 3.7) (layer B.CrtYd) (width 0.05))
    (fp_line (start 14.47 3.7) (end -3.04 3.7) (layer F.CrtYd) (width 0.05))
    (fp_line (start 14.47 3.7) (end 14.47 -3.7) (layer F.CrtYd) (width 0.05))
    (fp_line (start 14.47 -3.7) (end -3.04 -3.7) (layer F.CrtYd) (width 0.05))
    (fp_line (start -3.04 -3.7) (end -3.04 3.7) (layer F.CrtYd) (width 0.05))
    (fp_line (start 4.19 3.175) (end 12.06 3.175) (layer B.Fab) (width 0.1))
    (fp_line (start 12.06 3.175) (end 12.06 -3.175) (layer B.Fab) (width 0.1))
    (fp_line (start 12.06 -3.175) (end 4.445 -3.175) (layer B.Fab) (width 0.1))
    (fp_line (start 4.19 -3.175) (end 4.19 -2.875) (layer B.Fab) (width 0.1))
    (fp_line (start 4.19 3.175) (end 4.19 2.975) (layer B.Fab) (width 0.1))
    (fp_line (start -1.91 3.175) (end 4.445 3.175) (layer B.Fab) (width 0.1))
    (fp_line (start -1.91 3.175) (end -1.91 2.265) (layer B.Fab) (width 0.1))
    (fp_line (start -1.91 2.265) (end 2.54 2.265) (layer B.Fab) (width 0.1))
    (fp_line (start 2.54 2.265) (end 2.54 -2.265) (layer B.Fab) (width 0.1))
    (fp_line (start 2.54 -2.265) (end -1.91 -2.265) (layer B.Fab) (width 0.1))
    (fp_line (start -1.91 -3.175) (end -1.91 -2.265) (layer B.Fab) (width 0.1))
    (fp_line (start -1.91 -3.175) (end 4.445 -3.175) (layer B.Fab) (width 0.1))
    (pad 2 smd rect (at 0 -2.77 180) (size 1.5 5.08) (layers F.Cu F.Paste F.Mask)
      (net 1 GND))
    (pad 2 smd rect (at 0 2.77 180) (size 1.5 5.08) (layers F.Cu F.Paste F.Mask)
      (net 1 GND))
    (pad 2 smd rect (at 0 -2.77 180) (size 1.5 5.08) (layers B.Cu B.Paste B.Mask)
      (net 1 GND))
    (pad 2 smd rect (at 0 2.77 180) (size 1.5 5.08) (layers B.Cu B.Paste B.Mask)
      (net 1 GND))
    (pad 1 smd rect (at 0 0 180) (size 1.5 5.08) (layers B.Cu B.Paste B.Mask)
      (net 86 "Net-(J401-Pad1)"))
    (model ${KISYS3DMOD}/Connector_Coaxial.3dshapes/SMA_Amphenol_132289_EdgeMount.wrl
      (at (xyz 0 0 0))
      (scale (xyz 1 1 1))
      (rotate (xyz 0 0 0))
    )
  )

  (module Emborg:batt_Connector (layer B.Cu) (tedit 5C8890A8) (tstamp 5C851A88)
    (at 117.45 74.55 90)
    (tags "Rectangular Connectors - Headers, Male Pins")
    (path /5C97B3FF)
    (fp_text reference BT101 (at 0 4.572 90) (layer B.SilkS)
      (effects (font (size 1 1) (thickness 0.15)) (justify mirror))
    )
    (fp_text value Battery_Cell (at 0 -2.286 90) (layer B.Fab)
      (effects (font (size 1 1) (thickness 0.15)) (justify mirror))
    )
    (fp_line (start -3.1 -1.55) (end -2.1 -1.55) (layer B.SilkS) (width 0.15))
    (fp_line (start 3.1 -1.55) (end 3.1 6) (layer B.SilkS) (width 0.15))
    (fp_line (start 3.1 6.05) (end -3.1 6.05) (layer B.SilkS) (width 0.15))
    (fp_line (start -3.1 6.05) (end -3.1 -1.55) (layer B.SilkS) (width 0.15))
    (fp_line (start -3.15 -1.6) (end 3.15 -1.6) (layer B.CrtYd) (width 0.05))
    (fp_line (start 3.15 -1.6) (end 3.15 6.05) (layer B.CrtYd) (width 0.05))
    (fp_line (start 3.15 6.05) (end -3.15 6.05) (layer B.CrtYd) (width 0.05))
    (fp_line (start -3.15 6.05) (end -3.15 -1.6) (layer B.CrtYd) (width 0.05))
    (fp_line (start -2.1 -1.6) (end -2.1 0) (layer B.SilkS) (width 0.15))
    (fp_line (start -2.1 0) (end 2.1 0) (layer B.SilkS) (width 0.15))
    (fp_line (start 2.1 0) (end 2.1 -1.6) (layer B.SilkS) (width 0.15))
    (fp_line (start 2.1 -1.6) (end 3.1 -1.6) (layer B.SilkS) (width 0.15))
    (pad 2 thru_hole roundrect (at -1 0 90) (size 1.2 2) (drill 0.805) (layers *.Cu *.Mask) (roundrect_rratio 0.25)
      (net 1 GND))
    (pad 1 thru_hole oval (at 1 0 90) (size 1.2 2) (drill 0.85) (layers *.Cu *.Mask)
      (net 13 +3V3))
  )

  (module Pin_Headers:Pin_Header_Straight_1x02_Pitch2.54mm (layer F.Cu) (tedit 5C859034) (tstamp 5C859BBE)
    (at 137.16 67.31)
    (descr "Through hole straight pin header, 1x02, 2.54mm pitch, single row")
    (tags "Through hole pin header THT 1x02 2.54mm single row")
    (path /5C8E06EE)
    (fp_text reference J105 (at 0 -2.33) (layer F.SilkS)
      (effects (font (size 0.381 0.381) (thickness 0.0508)))
    )
    (fp_text value Conn_01x02_Male (at 0 4.87) (layer F.Fab)
      (effects (font (size 1 1) (thickness 0.15)))
    )
    (fp_text user %R (at 0 1.27 90) (layer F.Fab)
      (effects (font (size 1 1) (thickness 0.15)))
    )
    (fp_line (start 1.8 -1.8) (end -1.8 -1.8) (layer F.CrtYd) (width 0.05))
    (fp_line (start 1.8 4.35) (end 1.8 -1.8) (layer F.CrtYd) (width 0.05))
    (fp_line (start -1.8 4.35) (end 1.8 4.35) (layer F.CrtYd) (width 0.05))
    (fp_line (start -1.8 -1.8) (end -1.8 4.35) (layer F.CrtYd) (width 0.05))
    (fp_line (start -1.33 -1.33) (end 0 -1.33) (layer F.SilkS) (width 0.12))
    (fp_line (start -1.33 0) (end -1.33 -1.33) (layer F.SilkS) (width 0.12))
    (fp_line (start -1.33 1.27) (end 1.33 1.27) (layer F.SilkS) (width 0.12))
    (fp_line (start 1.33 1.27) (end 1.33 3.87) (layer F.SilkS) (width 0.12))
    (fp_line (start -1.33 1.27) (end -1.33 3.87) (layer F.SilkS) (width 0.12))
    (fp_line (start -1.33 3.87) (end 1.33 3.87) (layer F.SilkS) (width 0.12))
    (fp_line (start -1.27 -0.635) (end -0.635 -1.27) (layer F.Fab) (width 0.1))
    (fp_line (start -1.27 3.81) (end -1.27 -0.635) (layer F.Fab) (width 0.1))
    (fp_line (start 1.27 3.81) (end -1.27 3.81) (layer F.Fab) (width 0.1))
    (fp_line (start 1.27 -1.27) (end 1.27 3.81) (layer F.Fab) (width 0.1))
    (fp_line (start -0.635 -1.27) (end 1.27 -1.27) (layer F.Fab) (width 0.1))
    (pad 2 thru_hole oval (at 0 2.54) (size 1.7 1.7) (drill 1) (layers *.Cu *.Mask)
      (net 1 GND))
    (pad 1 thru_hole rect (at 0 0) (size 1.7 1.7) (drill 1) (layers *.Cu *.Mask)
      (net 76 "Net-(J105-Pad1)"))
    (model ${KISYS3DMOD}/Pin_Headers.3dshapes/Pin_Header_Straight_1x02_Pitch2.54mm.wrl
      (at (xyz 0 0 0))
      (scale (xyz 1 1 1))
      (rotate (xyz 0 0 0))
    )
  )

  (module Pin_Headers:Pin_Header_Straight_1x02_Pitch2.54mm (layer F.Cu) (tedit 5C859004) (tstamp 5C858EB2)
    (at 117.25 69.8 180)
    (descr "Through hole straight pin header, 1x02, 2.54mm pitch, single row")
    (tags "Through hole pin header THT 1x02 2.54mm single row")
    (path /5C9C8290)
    (fp_text reference J102 (at -1.95 -0.25 90) (layer F.SilkS)
      (effects (font (size 0.381 0.381) (thickness 0.0508)))
    )
    (fp_text value Conn_01x02_Male (at 0 4.87 180) (layer F.Fab)
      (effects (font (size 1 1) (thickness 0.15)))
    )
    (fp_text user %R (at 0 1.27 270) (layer F.Fab)
      (effects (font (size 1 1) (thickness 0.15)))
    )
    (fp_line (start 1.8 -1.8) (end -1.8 -1.8) (layer F.CrtYd) (width 0.05))
    (fp_line (start 1.8 4.35) (end 1.8 -1.8) (layer F.CrtYd) (width 0.05))
    (fp_line (start -1.8 4.35) (end 1.8 4.35) (layer F.CrtYd) (width 0.05))
    (fp_line (start -1.8 -1.8) (end -1.8 4.35) (layer F.CrtYd) (width 0.05))
    (fp_line (start -1.33 -1.33) (end 0 -1.33) (layer F.SilkS) (width 0.12))
    (fp_line (start -1.33 0) (end -1.33 -1.33) (layer F.SilkS) (width 0.12))
    (fp_line (start -1.33 1.27) (end 1.33 1.27) (layer F.SilkS) (width 0.12))
    (fp_line (start 1.33 1.27) (end 1.33 3.87) (layer F.SilkS) (width 0.12))
    (fp_line (start -1.33 1.27) (end -1.33 3.87) (layer F.SilkS) (width 0.12))
    (fp_line (start -1.33 3.87) (end 1.33 3.87) (layer F.SilkS) (width 0.12))
    (fp_line (start -1.27 -0.635) (end -0.635 -1.27) (layer F.Fab) (width 0.1))
    (fp_line (start -1.27 3.81) (end -1.27 -0.635) (layer F.Fab) (width 0.1))
    (fp_line (start 1.27 3.81) (end -1.27 3.81) (layer F.Fab) (width 0.1))
    (fp_line (start 1.27 -1.27) (end 1.27 3.81) (layer F.Fab) (width 0.1))
    (fp_line (start -0.635 -1.27) (end 1.27 -1.27) (layer F.Fab) (width 0.1))
    (pad 2 thru_hole oval (at 0 2.54 180) (size 1.7 1.7) (drill 1) (layers *.Cu *.Mask)
      (net 1 GND))
    (pad 1 thru_hole rect (at 0 0 180) (size 1.7 1.7) (drill 1) (layers *.Cu *.Mask)
      (net 84 /VccGPS_backup))
    (model ${KISYS3DMOD}/Pin_Headers.3dshapes/Pin_Header_Straight_1x02_Pitch2.54mm.wrl
      (at (xyz 0 0 0))
      (scale (xyz 1 1 1))
      (rotate (xyz 0 0 0))
    )
  )

  (module Mounting_Holes:MountingHole_2.2mm_M2_Pad (layer F.Cu) (tedit 56D1B4CB) (tstamp 5C8229AC)
    (at 135.382 27.432)
    (descr "Mounting Hole 2.2mm, M2")
    (tags "mounting hole 2.2mm m2")
    (path /5C90DB1D)
    (attr virtual)
    (fp_text reference H101 (at 0 -4.382) (layer F.SilkS)
      (effects (font (size 1 1) (thickness 0.15)))
    )
    (fp_text value MountingHole_Pad (at 0 3.2) (layer F.Fab)
      (effects (font (size 1 1) (thickness 0.15)))
    )
    (fp_circle (center 0 0) (end 2.45 0) (layer F.CrtYd) (width 0.05))
    (fp_circle (center 0 0) (end 2.2 0) (layer Cmts.User) (width 0.15))
    (fp_text user %R (at 0.3 0) (layer F.Fab)
      (effects (font (size 1 1) (thickness 0.15)))
    )
    (pad 1 thru_hole circle (at 0 0) (size 4.4 4.4) (drill 2.2) (layers *.Cu *.Mask)
      (net 1 GND))
  )

  (module Emborg:NEO-M8 (layer F.Cu) (tedit 5C778BEE) (tstamp 5C80F568)
    (at 127.166 62.743 180)
    (path /5C7BED4E)
    (attr smd)
    (fp_text reference U101 (at -8.6 0 -90) (layer F.SilkS)
      (effects (font (size 1 1) (thickness 0.15)))
    )
    (fp_text value NEO-M8 (at 0 0.508 180) (layer F.Fab)
      (effects (font (size 1 1) (thickness 0.15)))
    )
    (fp_line (start 7.2 -6.1) (end 8 -5.3) (layer F.SilkS) (width 0.15))
    (fp_line (start -8 6.1) (end -8 -6.1) (layer F.SilkS) (width 0.15))
    (fp_line (start -8 -6.1) (end 7.2 -6.1) (layer F.SilkS) (width 0.15))
    (fp_line (start 8 -5.3) (end 8 6.1) (layer F.SilkS) (width 0.15))
    (fp_line (start 8 6.1) (end -8 6.1) (layer F.SilkS) (width 0.15))
    (fp_line (start -8.15 -6.25) (end 8.15 -6.25) (layer F.CrtYd) (width 0.05))
    (fp_line (start 8.15 -6.25) (end 8.15 6.25) (layer F.CrtYd) (width 0.05))
    (fp_line (start 8.15 6.25) (end -8.15 6.25) (layer F.CrtYd) (width 0.05))
    (fp_line (start -8.15 6.25) (end -8.15 -6.25) (layer F.CrtYd) (width 0.05))
    (pad 12 smd rect (at -7 -6 180) (size 0.8 1.8) (layers F.Cu F.Paste F.Mask)
      (net 1 GND))
    (pad 13 smd rect (at -7 6 180) (size 0.8 1.8) (layers F.Cu F.Paste F.Mask)
      (net 1 GND))
    (pad 11 smd rect (at -5.9 -6 180) (size 0.8 1.8) (layers F.Cu F.Paste F.Mask)
      (net 66 "Net-(J1-Pad1)"))
    (pad 14 smd rect (at -5.9 6 180) (size 0.8 1.8) (layers F.Cu F.Paste F.Mask)
      (net 2 "Net-(U101-Pad14)"))
    (pad 10 smd rect (at -4.8 -6 180) (size 0.8 1.8) (layers F.Cu F.Paste F.Mask)
      (net 1 GND))
    (pad 15 smd rect (at -4.8 6 180) (size 0.8 1.8) (layers F.Cu F.Paste F.Mask)
      (net 3 "Net-(U101-Pad15)"))
    (pad 9 smd rect (at -3.7 -6 180) (size 0.8 1.8) (layers F.Cu F.Paste F.Mask)
      (net 65 "Net-(R1-Pad1)"))
    (pad 16 smd rect (at -3.7 6 180) (size 0.8 1.8) (layers F.Cu F.Paste F.Mask)
      (net 4 "Net-(U101-Pad16)"))
    (pad 8 smd rect (at -2.6 -6 180) (size 0.8 1.8) (layers F.Cu F.Paste F.Mask)
      (net 67 "Net-(R1-Pad2)"))
    (pad 17 smd rect (at -2.6 6 180) (size 0.8 1.8) (layers F.Cu F.Paste F.Mask)
      (net 5 "Net-(U101-Pad17)"))
    (pad 7 smd rect (at 0.4 -6 180) (size 0.8 1.8) (layers F.Cu F.Paste F.Mask)
      (net 6 "Net-(U101-Pad7)"))
    (pad 18 smd rect (at 0.4 6 180) (size 0.8 1.8) (layers F.Cu F.Paste F.Mask)
      (net 7 "Net-(U101-Pad18)"))
